Round: 1, Score: 0.09081348
Round: 2, Score: 0.2228483
Round: 3, Score: 0.09812581
