Round: 1, Score: 0.1663305
Round: 2, Score: 0.1304421
Round: 3, Score: 0.06325084
